1:1625,103,1816,781,5196,422;
2:2444,4499,229,4778,357,2607;
3:27,3393,4296,4944,51,5123;
4:2158,5134,1086,2590,2502,175;
5:3959,3620,195,2500,1671,2056;
6:5299,4707,2202,1089,4946,4013;
7:5041,457,20,2626,2959,5019;
8:2175,4531,2137,1538,4914,4911;
9:1939,1918,5030,3616,2198,1519;
10:2655,503,4933,4950,4925,1662;
11:4077,4265,5288,2485,639,2834;
12:3318,4547,2067,329,5006,484;
13:1540,527,2180,3492,3158,3997;
14:319,4930,2996,33,2557,2576;
15:2978,4010,548,932,2907,3525;
16:334,399,1477,3211,900,3467;
17:4583,378,51,2341,3354,4499;
18:5030,2056,4296,2444,4531,2959;
19:1538,503,5196,5134,1671,4265;
20:4547,5299,457,422,2500,3393;
21:1519,2834,5123,1086,329,195;
22:3158,33,2626,4914,3616,2607;
23:4013,781,2175,4778,527,20;
24:2655,4944,3997,5041,639,4930;
25:4010,399,4925,1918,5019,2180;
26:229,1540,1939,2978,4911,334;
27:3318,175,4707,548,27,1477;
28:2590,4933,2907,1089,1625,3354;
29:2996,378,2502,4077,932,484;
30:3525,5006,2341,2202,3467,2137;
31:900,5288,2576,103,3492,2198;
32:1662,4946,2557,4583,3959,3211;
33:319,3620,2067,1816,357,2158;
34:2485,5196,4914,4950,51,5019;
35:4499,33,457,5123,2978,5134;
36:3616,4707,4778,5041,3354,4925;
37:503,27,399,2500,2607,3997;
38:4531,4933,932,3318,639,2202;
39:4265,20,2907,3492,4296,5006;
40:378,1625,1538,4944,1086,4946;
41:4013,2576,1519,3467,2158,1540;
42:4077,2959,319,229,1918,3211;
43:781,2056,2180,2996,1089,2067;
44:1939,3959,103,2485,2502,2341;
45:5030,329,4950,5299,4010,2626;
46:2834,484,900,4583,2655,175;
47:1816,2557,2198,195,2137,2444;
48:1662,4911,3393,1477,527,3620;
49:334,548,357,4547,2590,4930;
50:422,3158,1671,2175,5288,3525;
51:2978,20,4077,5196,1086,27;
52:3318,5019,5134,3211,378,103;
53:2959,4944,2500,1540,2067,2907;
54:5030,5041,3959,932,229,781;
55:4296,4914,3997,2198,457,1625;
56:1538,4778,2341,3620,1089,329;
57:900,2444,4911,319,4013,5006;
58:3492,1939,4933,399,2557,4547;
59:2137,1477,2056,357,2485,1918;
60:2576,4950,2590,3393,4946,639;
61:4583,4925,334,4265,422,2202;
62:1816,2626,527,5123,3525,484;
63:175,3158,3354,5299,1662,1519;
64:4930,2180,5288,2607,4707,2158;
65:3616,4531,1671,2834,2996,51;
66:4499,4010,2502,2175,195,503;
67:548,3467,4911,2655,33,4296;
68:399,329,2056,2978,103,4914;
69:334,5019,2557,4944,3620,4013;
70:4547,5134,4950,5041,4583,1816;
71:175,3393,4778,2485,2959,3492;
72:2202,4077,1519,357,2180,3959;
73:484,1477,1089,319,20,5030;
74:2607,5006,1086,4531,5299,781;
75:1662,4930,2502,27,422,2198;
76:5196,2626,2175,3997,4707,4933;
77:2834,1918,2067,3525,33,3354;
78:51,548,1625,4265,195,1939;
79:2158,3211,2996,3158,457,639;
80:2444,2341,2907,3318,2655,4946;
81:900,1671,4925,932,527,4499;
82:378,2590,3467,5288,503,5123;
83:2500,3616,2576,4010,229,1538;
84:1540,4778,1086,2137,5019,4547;
85:5006,2180,2834,4933,4914,1816;
86:3492,2502,1519,4707,334,4531;
87:4944,2607,103,1662,195,319;
88:2198,4946,4911,399,484,3158;
89:2626,1671,3354,4077,2444,1939;
90:2485,422,527,2655,2996,2978;
91:27,2959,329,5134,900,3959;
92:357,932,2341,4296,4013,503;
93:5123,2202,2907,2576,175,781;
94:457,229,4930,2067,2137,4265;
95:2056,639,3616,2557,1540,1625;
96:4950,2158,3525,378,3997,1477;
97:2590,4925,2175,51,5030,3620;
98:33,3393,1089,5196,3211,4010;
99:2500,20,1918,4583,3467,3318;
100:548,5041,5299,4499,5288,1538;
101:1086,3354,2576,503,4914,422;
102:2996,4778,900,1519,4944,1816;
103:4946,103,1540,4077,4296,4930;
104:781,3616,357,2978,378,1662;
105:4013,2067,3492,1477,5134,4925;
106:3158,932,5019,5006,2590,27;
107:527,3959,4265,399,4531,175;
108:5123,2444,1918,5196,334,639;
109:1671,1625,33,20,2502,5299;
110:3997,229,548,2557,329,2202;
111:4707,319,4583,2137,3393,2907;
112:1089,5041,2485,2198,2158,2500;
113:4547,3467,51,2180,1538,2959;
114:1939,5288,4010,457,2655,3620;
115:2056,4911,4499,2834,2626,3318;
116:4950,2607,484,3211,2175,2341;
117:195,5030,4077,4933,3525,900;
118:4778,4531,1662,2067,5123,3997;
119:1477,1519,4914,781,4946,1671;
120:1089,4583,4930,2444,3492,5019;
121:2198,5299,639,378,4925,2959;
122:503,20,175,3616,329,2180;
123:399,3620,2626,2485,548,5006;
124:2137,5196,2590,4296,5041,2834;
125:1086,4499,3467,2996,2907,1939;
126:51,2655,103,229,3525,4707;
127:4265,2978,4933,2502,2607,2576;
128:27,5288,3211,357,4911,5030;
129:4547,2202,4944,3158,4010,2056;
130:3959,484,1538,33,4013,422;
131:457,932,195,1540,1918,4950;
132:334,2341,319,527,5134,1625;
133:2557,2158,3354,3318,3393,2175;
134:2500,4296,639,1816,4707,5019;
135:4946,503,51,2978,2626,4778;
136:4531,1089,27,1939,2576,378;
137:2502,3620,229,900,2907,3158;
138:1477,4944,422,2444,2180,2590;
139:4499,3211,3525,4914,4265,4547;
140:4583,4010,103,1519,527,2067;
141:195,5196,3616,484,4930,2202;
142:5299,3997,5134,1918,4911,2996;
143:2158,20,1662,548,2056,2341;
144:5123,4013,1625,2137,2959,399;
145:1538,2485,3318,1816,334,5030;
146:2500,33,175,5006,5288,4950;
147:2655,329,3492,2607,932,3354;
148:3959,2198,2175,319,2834,1540;
149:4925,3467,781,457,2557,4077;
150:1671,357,4933,1086,5041,3393;
151:5134,422,639,229,2626,1519;
152:2959,503,3525,3620,2996,4583;
153:4499,1918,484,1662,4707,2576;
154:195,2158,4914,334,2907,4778;
155:3997,4946,2137,1939,20,900;
156:4547,4013,3354,4531,5196,5288;
157:932,1089,4944,3467,2175,175;
158:4911,2180,2485,1671,5123,2557;
159:1816,3492,2590,5299,3616,3959;
160:4296,781,3318,319,2502,4950;
161:2444,2202,2067,1086,399,51;
162:3393,2655,5006,2056,4077,1538;
163:378,2607,2834,457,5030,548;
164:3211,2978,1625,2500,4930,4925;
165:4265,5041,2341,27,1540,4010;
166:527,329,5019,357,2198,33;
167:1477,3158,5123,103,4933,4499;
