1:3478,2848,2468,1311,4969,1723;
2:540,4901,2648,573,772,1718;
3:4334,2016,5191,68,4522,2403;
4:74,2073,1902,1884,3301,4915;
5:2451,1287,865,359,236,5179;
6:4935,3990,125,4159,5125,177;
7:1676,3562,180,3015,1714,2227;
8:2443,2928,1629,5076,1732,4362;
9:4125,1501,5093,624,4171,842;
10:4161,2080,447,5326,3692,222;
11:987,135,5297,2478,3843,5002;
12:5036,4055,469,2013,230,3161;
13:11,3812,2543,2169,294,3476;
14:1241,3386,254,3660,1323,3230;
15:1595,5172,5024,3794,118,75;
16:4486,418,4819,4977,2619,1937;
17:3042,28,842,191,3932,4522;
18:4969,2227,359,573,5076,4915;
19:3015,5297,4125,2080,236,1902;
20:1629,865,4055,2073,1676,4901;
21:3692,3478,2451,5036,4935,540;
22:3660,1884,2443,2478,1311,3562;
23:4159,2169,5179,772,3301,180;
24:135,447,1732,4486,68,74;
25:3042,1718,5191,5024,2848,2013;
26:624,987,3476,5326,4977,3386;
27:3230,2619,191,469,1723,11;
28:1241,2016,75,1287,3843,28;
29:1714,2403,3161,2928,5172,3812;
30:5125,4334,4362,294,5093,254;
31:1937,4171,1323,2468,3794,125;
32:3932,118,418,5002,177,2648;
33:2543,4819,230,1501,4161,1595;
34:3990,4522,5297,222,5024,2169;
35:4125,2073,772,4486,2443,3478;
36:3301,2227,1718,5326,68,4055;
37:28,4901,3660,1714,135,2451;
38:842,1676,2619,2403,74,987;
39:236,5076,3794,3812,1311,5125;
40:5172,624,573,1902,3843,2848;
41:3562,4362,1501,5036,1287,418;
42:2013,4819,5002,191,4159,1323;
43:1723,2016,230,2080,5179,1884;
44:294,1629,469,4171,4161,118;
45:3042,4334,3230,540,865,447;
46:3476,1732,4915,75,254,125;
47:1241,11,4935,359,3932,2468;
48:2543,2928,5191,177,4977,3692;
49:2648,180,4969,1937,1595,3990;
50:5093,222,3386,2478,3015,3161;
51:2443,5002,1902,1501,1718,2016;
52:987,4161,4901,2848,4362,5179;
53:4819,74,3794,3042,2451,4125;
54:1714,865,4159,5297,1732,624;
55:359,2619,4522,2080,2073,3476;
56:3843,2169,2468,4055,4334,3562;
57:28,5326,5191,2648,4935,1323;
58:5036,5024,2478,772,254,2928;
59:11,3015,842,68,1311,5172;
60:125,540,1676,469,4969,236;
61:3478,5125,1595,3932,3386,1884;
62:2227,4977,230,5093,3990,1287;
63:4915,2403,191,294,1937,135;
64:3230,3301,177,4486,5076,3161;
65:3692,1629,3660,180,75,418;
66:1241,2013,4171,2543,573,447;
67:1723,3812,4362,118,222,4159;
68:4969,624,3562,74,2928,4522;
69:3843,1501,5179,3386,125,1714;
70:230,5002,2073,2451,4334,5326;
71:2016,5024,4161,540,1311,2619;
72:1595,254,135,3015,359,5191;
73:4935,180,2080,842,4915,2443;
74:68,3161,294,573,5297,3478;
75:28,3301,2848,3990,447,118;
76:1676,1323,3932,2543,75,772;
77:1937,4055,1723,236,1732,3660;
78:2227,177,222,3476,4819,469;
79:5172,3042,5076,4901,5093,418;
80:5125,1287,4486,987,11,2013;
81:5036,4977,4171,1718,191,1884;
82:2468,2403,2478,4125,3230,1629;
83:3692,3794,2169,1241,1902,2648;
84:3812,2848,2080,865,772,74;
85:573,1714,230,236,5024,842;
86:4915,177,3478,2016,1323,4055;
87:222,1311,359,1501,1732,294;
88:2013,3476,1595,4334,4935,3660;
89:68,3990,4161,191,75,2451;
90:5297,418,3386,2403,3301,11;
91:135,2443,4171,3230,4819,3932;
92:5191,125,4901,2227,3812,2478;
93:3042,2073,4977,2648,3562,469;
94:1937,5179,624,3015,2543,5125;
95:1287,180,2619,118,5326,2468;
96:1718,987,2928,2169,1723,447;
97:3692,5172,254,865,5002,4522;
98:5093,1902,1629,4486,4969,28;
99:5076,4125,4159,1676,5036,1241;
100:3843,3161,540,3794,1884,4362;
101:2648,75,1501,74,3478,3230;
102:469,1732,4334,2478,2080,2543;
103:573,418,3812,5179,135,4935;
104:5297,118,772,4819,125,359;
105:1714,68,222,4171,2848,5125;
106:2013,1723,1902,2403,4977,4901;
107:236,5093,1595,2619,3692,1718;
108:11,1884,624,1323,2227,3042;
109:842,3990,3386,294,2016,5036;
110:987,4522,2468,2443,4159,3161;
111:191,5326,177,4362,2169,4969;
112:4915,3843,3015,5024,1629,2451;
113:180,540,4055,5172,1241,4486;
114:1311,2928,865,4125,230,1937;
115:5076,447,3932,5191,3476,3562;
116:1676,3660,5002,4161,1287,3301;
117:28,254,1718,2073,3794,5179;
118:469,1323,3990,418,987,1902;
119:74,3161,5326,4901,1595,2016;
120:125,222,2648,5036,11,1629;
121:4362,4915,2543,4486,2468,1714;
122:4334,118,1311,3692,624,191;
123:4522,772,294,230,3015,3230;
124:1723,540,75,4125,5002,3562;
125:3812,1937,2443,1676,5297,3042;
126:4055,2848,2619,4935,254,5076;
127:1241,3301,2451,1501,4969,4977;
128:2080,2403,3932,3843,2227,3660;
129:5125,573,4819,865,5191,2169;
130:2073,3386,5172,447,4159,1287;
131:2013,842,3794,2928,3478,135;
132:359,1884,5024,68,5093,177;
133:236,3476,2478,4161,180,28;
134:4171,3692,3042,1732,230,987;
135:11,1714,75,4334,1937,1902;
136:3562,1718,2451,222,2543,3230;
137:4935,772,3161,2227,1629,1311;
138:2648,191,3812,4486,2016,254;
139:5297,5179,4977,2468,842,540;
140:3990,5002,74,4362,359,4055;
141:2928,1323,294,1595,3301,2080;
142:4522,1732,1287,4901,3478,4819;
143:3660,4969,3794,4159,2619,5191;
144:469,3843,180,4125,5125,447;
145:418,68,2478,624,1723,1241;
146:5036,177,3015,4161,2443,2403;
147:2073,125,2169,5093,135,2848;
148:5326,3932,236,5172,2013,4915;
149:5024,5076,28,4171,3386,865;
150:1884,118,3476,1501,573,1676;
151:222,1287,191,772,1595,1902;
152:1732,3161,4125,5191,5179,3990;
153:294,4969,987,75,4819,4055;
154:74,11,254,2443,230,540;
155:2543,125,68,5002,2619,3042;
156:4915,5093,4161,1241,3812,3562;
157:4362,447,236,2403,2648,624;
158:4486,1723,4522,4171,4935,1676;
159:2468,5125,135,2227,1501,5024;
160:2169,2451,2080,2013,3386,1937;
161:5036,1311,1323,180,2073,573;
162:4334,177,1629,5172,1718,5297;
163:3932,3301,2016,865,3794,469;
164:118,4977,2478,1714,3478,5076;
165:418,4159,1884,2928,3015,28;
166:4901,3230,842,3692,3843,3476;
167:2848,359,4486,5326,3660,4125;
