1:3683,3103,2122,3480,365,4060;
2:857,4991,4940,1318,45,4979;
3:3316,1011,973,1756,2363,1610;
4:179,4719,558,3098,3504,836;
5:148,4985,67,884,193,604;
6:188,1885,1730,714,70,3937;
7:2980,4967,1108,337,5012,225;
8:2052,4945,4476,3008,1334,1023;
9:2135,2665,5137,1266,862,1310;
10:3310,4982,5148,217,3191,4536;
11:4063,3138,4488,2642,5122,4288;
12:2471,1775,126,1153,766,2177;
13:1218,353,2481,384,5320,5145;
14:2337,2424,1683,79,4176,3360;
15:494,3309,303,5098,869,2974;
16:4256,228,1717,4917,176,1515;
17:955,4965,3316,771,488,4945;
18:5148,604,1756,3008,3504,70;
19:1011,4940,3103,148,4488,2980;
20:193,4476,714,3098,217,365;
21:2363,384,766,3310,3683,1334;
22:4288,884,3937,2135,558,2337;
23:869,67,862,225,4979,1153;
24:4917,836,3480,1318,353,1310;
25:5098,2481,5012,79,2177,45;
26:1717,955,973,2974,1218,1108;
27:3138,4967,1683,5137,771,5145;
28:4536,4985,5320,1023,3309,4256;
29:1610,3360,488,126,2642,1515;
30:176,188,4982,4176,179,1775;
31:337,4063,2122,2052,857,1885;
32:4991,2665,1730,228,3191,4060;
33:1266,4965,2471,494,5122,4719;
34:303,558,225,2424,3316,4917;
35:353,79,4476,70,4488,2135;
36:4945,5137,67,217,2363,3937;
37:1318,1717,862,2177,4288,3103;
38:1334,2481,1108,884,771,3504;
39:973,3480,1023,4979,3360,4982;
40:3008,4940,4060,4985,4176,5098;
41:488,176,365,45,1153,4967;
42:4536,148,714,1218,126,1683;
43:303,2052,193,5320,3191,2471;
44:3138,3310,1515,3309,836,337;
45:857,1310,2980,228,5122,5145;
46:2642,3098,2665,869,188,1011;
47:5012,955,604,4719,3683,4063;
48:1756,494,1730,4256,2424,179;
49:2122,5148,1775,1610,384,1266;
50:2337,766,4991,4965,1885,2974;
51:1334,3937,4176,2471,225,3480;
52:3316,3504,126,4979,3310,5137;
53:4945,4288,3309,4060,79,4982;
54:228,1318,3360,558,3008,193;
55:4719,45,2642,337,4985,70;
56:5122,1683,217,1730,862,353;
57:1610,3683,857,771,148,303;
58:4967,869,973,4488,714,2481;
59:5145,4063,179,766,1717,2665;
60:1515,3103,3191,4965,5098,1153;
61:1108,2424,1266,4536,836,4991;
62:4476,5320,2974,884,2980,1756;
63:2363,365,1775,955,4940,1885;
64:384,2135,4256,2052,3098,67;
65:2177,2122,494,604,2337,1310;
66:4917,488,3138,188,5148,1218;
67:5012,1023,217,1011,176,3504;
68:1153,79,148,3480,337,228;
69:836,1334,5137,4982,1610,869;
70:3937,303,4719,353,3310,973;
71:884,70,766,5098,4979,2424;
72:2135,4967,3683,5122,4176,5320;
73:2665,193,45,4288,2122,4965;
74:1218,1885,67,2471,1515,1318;
75:3008,3309,857,3098,1730,955;
76:2481,2363,4991,176,1683,1310;
77:714,179,4060,1266,604,2642;
78:4985,5012,2974,4945,126,5145;
79:771,4536,4063,4940,558,188;
80:384,494,1011,862,4476,3138;
81:2177,225,4488,3191,488,4256;
82:1756,2052,1108,4917,1775,2337;
83:365,5148,3360,2980,3316,1717;
84:1023,4991,1610,3103,884,1218;
85:766,337,5122,67,973,3504;
86:5145,45,604,1515,303,217;
87:4985,955,558,1334,1266,4979;
88:1011,2424,714,228,4945,353;
89:148,836,4176,1885,4256,2665;
90:4965,4063,3008,869,3480,1683;
91:4982,70,193,857,494,488;
92:4719,1775,2481,3316,4476,3191;
93:3309,1310,2642,225,3103,5148;
94:1318,2122,176,1756,2135,3310;
95:862,4060,2974,4967,3937,3360;
96:2363,2471,3138,1717,5012,4536;
97:771,2337,384,1730,4488,5098;
98:126,5320,3098,4917,4940,79;
99:5137,2177,179,1108,1023,365;
100:1153,4288,188,2980,2052,3683;
101:1515,2665,3480,1775,714,558;
102:869,45,228,766,5148,2135;
103:67,3191,955,836,1683,1756;
104:4985,3360,217,1885,494,225;
105:4982,2337,1717,1011,303,337;
106:1610,604,353,4965,3098,3138;
107:3310,1310,884,79,2471,365;
108:1318,2052,4060,2424,2363,771;
109:4536,5145,4917,3937,4488,1153;
110:5122,2974,1023,2481,193,188;
111:2122,4945,3504,5098,4991,4967;
112:1218,3683,176,4476,1266,4940;
113:3103,384,857,179,5012,3316;
114:3008,4979,4288,4256,1108,4719;
115:70,973,862,4063,126,4176;
116:2177,148,2642,1730,1334,5320;
117:3309,5137,2337,2980,488,353;
118:714,884,45,3360,3191,4917;
119:1756,3937,365,4982,4985,771;
120:1515,4060,225,955,188,766;
121:3683,1310,3504,4536,1775,2974;
122:494,67,228,3310,3103,2481;
123:176,1610,70,5122,2052,2665;
124:5098,857,4288,2363,1023,126;
125:1683,4979,2980,303,2122,3098;
126:488,5145,1011,836,2471,3008;
127:4063,79,1266,1318,3316,4967;
128:1218,3480,2135,2177,193,4945;
129:2424,5320,1885,604,4488,862;
130:4256,5012,2642,4476,973,5137;
131:1153,217,4176,558,3309,1108;
132:869,4719,384,1717,4991,148;
133:4940,337,179,4965,1334,5148;
134:1730,126,884,3138,3683,4982;
135:1318,3098,1775,225,1023,5145;
136:2363,2980,4917,3504,4063,2177;
137:3008,188,2424,67,1610,4967;
138:771,353,3191,5012,494,766;
139:3360,955,4488,176,5137,303;
140:3310,5320,2665,1108,1683,857;
141:2052,79,604,3937,869,1218;
142:4940,70,3316,2122,1153,836;
143:148,1266,4945,1515,2337,973;
144:2471,4288,5148,714,4985,4991;
145:488,4476,337,558,1310,1730;
146:5122,45,3309,1011,179,3480;
147:228,365,4176,2642,4965,384;
148:3103,1334,3138,4256,2974,217;
149:1717,4979,1885,2481,2135,4060;
150:193,4719,5098,1756,862,4536;
151:1318,4488,494,4945,1683,884;
152:869,3191,2337,5145,3683,70;
153:1218,2424,337,1775,5137,4288;
154:771,604,4991,3309,4476,3360;
155:3480,4940,3310,5012,2052,488;
156:4967,353,126,955,3103,2665;
157:766,558,4256,2481,2122,1011;
158:1730,4176,2974,2363,4719,5148;
159:1153,1334,1756,303,714,4063;
160:1885,4536,2980,79,179,1610;
161:4965,2135,4917,4985,857,973;
162:5122,1515,2177,4982,384,3008;
163:217,5098,188,1717,1266,5320;
164:3098,1108,2471,862,228,3316;
165:836,2642,4979,176,3937,193;
166:1310,1023,4060,67,45,3138;
167:225,3504,353,365,148,70;
