1:120,5171,3928,1294,4500,3256;
2:610,1138,2614,1285,16,5057;
3:111,58,5124,612,133,330;
4:4997,1574,2035,1507,1126,3528;
5:525,5016,3539,3824,4039,1678;
6:597,4905,2877,3065,3847,190;
7:4949,3313,3602,1735,4269,2522;
8:341,5291,1261,4061,1592,1806;
9:811,1710,5190,2054,5339,971;
10:4355,314,2085,78,1731,25;
11:623,340,1014,2486,3147,1156;
12:5010,1305,3284,2283,4464,3018;
13:868,1640,368,3880,687,4941;
14:48,364,5052,5310,997,3260;
15:5188,4481,4069,846,5136,4391;
16:910,1114,1986,2415,1817,3238;
17:4645,1983,597,2081,1511,2054;
18:3065,4039,3528,610,3602,25;
19:3847,341,5190,1138,4997,4500;
20:4269,5057,3147,3824,4355,2035;
21:190,4464,111,1710,687,3539;
22:3284,1294,5291,1678,868,612;
23:811,5310,2614,2877,2522,4481;
24:3880,5052,2415,1574,4391,4061;
25:5016,78,910,1983,48,120;
26:1156,3928,4949,1114,5188,1511;
27:5010,971,3313,3238,1640,997;
28:3260,525,314,5171,1014,330;
29:2486,1592,5136,133,1126,2085;
30:5339,1735,2283,1986,3256,1731;
31:1507,4645,623,4905,1305,5124;
32:3018,1806,1817,364,4941,1285;
33:16,2081,368,1261,58,846;
34:340,2415,1983,4069,5291,3847;
35:868,3238,4949,3147,811,190;
36:5016,5310,1710,612,3313,5057;
37:4061,330,5188,2614,3065,120;
38:1678,1126,1986,1014,1138,4481;
39:3528,1114,2486,341,1305,1294;
40:3256,4941,2085,111,1574,525;
41:997,3880,1285,3602,1507,5171;
42:1806,1640,4269,5052,2081,4464;
43:4355,3018,1511,368,5136,2877;
44:5010,2054,4039,5124,1261,340;
45:1156,1731,687,3824,5190,597;
46:16,1592,4905,1735,4391,3284;
47:4500,133,48,971,314,846;
48:4069,364,910,610,4645,2035;
49:623,2283,3539,3260,4997,78;
50:1817,58,3928,2522,25,5339;
51:5310,1678,2415,5188,1285,368;
52:3602,3018,340,5016,811,4355;
53:4481,525,341,2054,687,997;
54:4061,1640,4905,1138,3528,3147;
55:1156,5052,3065,5136,4500,1983;
56:4464,120,133,16,868,597;
57:1574,330,5291,3824,364,3313;
58:1261,4949,5190,1014,2283,4069;
59:48,2614,25,190,4941,1305;
60:3284,1114,612,2035,4039,623;
61:5057,1735,2877,1507,2085,971;
62:4997,111,1986,610,2486,3880;
63:1592,78,1710,58,3238,1294;
64:5339,5124,4391,3847,314,1511;
65:3260,2522,910,1126,3256,2081;
66:1731,1817,846,1806,5171,5010;
67:4269,4645,2614,3928,3539,133;
68:1678,16,3018,623,4500,3528;
69:368,2054,1305,4069,1735,1156;
70:4941,4949,4481,3284,3824,610;
71:525,597,364,3602,612,1592;
72:4355,868,341,5339,1014,111;
73:3147,3065,4391,58,5016,3260;
74:5171,1261,5052,4997,1511,1710;
75:4905,1294,687,1574,910,5010;
76:4464,3313,4039,1138,1983,1731;
77:4645,25,1285,120,2486,811;
78:330,2085,1806,1986,2522,340;
79:5057,314,1817,2283,1640,5188;
80:5291,846,997,4269,190,3256;
81:5310,3539,1114,3880,1126,3847;
82:2081,78,971,5124,2035,4061;
83:5136,5190,3928,3238,1507,48;
84:2415,5171,2054,2877,623,58;
85:1511,687,3602,3260,2614,1592;
86:1285,2522,868,5052,3528,4069;
87:4997,4039,4645,4949,3147,5339;
88:4941,1678,1261,4391,597,4355;
89:25,5010,5188,4500,1986,4269;
90:3018,3824,1138,3065,2085,846;
91:1710,1507,4061,3284,2486,910;
92:190,1574,5310,1817,78,133;
93:5136,5016,2283,4905,2081,330;
94:368,364,1735,314,1983,3928;
95:3539,3238,5124,5291,4481,5057;
96:111,971,3847,120,1806,1156;
97:16,1731,1294,2415,525,2035;
98:610,997,1114,1014,811,4464;
99:1640,1126,2877,612,48,341;
100:3256,1305,5190,340,3313,3880;
101:4997,133,2522,687,5188,4355;
102:1138,1507,4069,25,1710,330;
103:4941,846,3528,1735,5310,4645;
104:5052,3238,3602,4905,314,111;
105:2085,2081,1156,4039,1285,4391;
106:3147,2283,1574,3847,1678,2054;
107:5010,868,2415,364,5016,1126;
108:3824,1806,5339,997,2486,16;
109:5171,5136,811,597,3284,3313;
110:4269,3880,2877,1294,1817,1261;
111:5124,190,1114,5190,525,3018;
112:1511,4061,3256,610,48,58;
113:4464,612,4500,340,78,2614;
114:1014,2035,120,1592,368,3539;
115:910,3065,971,1305,1731,5291;
116:1983,3260,1986,5057,341,4949;
117:4481,3928,2085,623,1640,5016;
118:16,1156,1126,3313,2283,4645;
119:2486,330,1261,3018,2415,687;
120:997,4905,1511,133,5190,1678;
121:3602,4500,2081,868,1817,3147;
122:1285,3824,5136,1735,4464,4997;
123:368,340,610,4269,5339,525;
124:58,1507,4355,5010,120,1114;
125:623,111,1294,1983,2522,4061;
126:3260,3284,25,1574,5124,1640;
127:3528,190,612,5171,4481,971;
128:3238,4069,1806,3065,3256,5310;
129:4039,2877,1986,3928,4941,5291;
130:5188,1014,1710,48,3880,1731;
131:1138,2054,314,910,1592,4949;
132:2035,341,846,597,5052,2614;
133:3847,78,364,5057,811,1305;
134:4391,610,2522,3539,1640,1507;
135:3260,190,4061,5136,5010,1678;
136:120,4069,3147,2085,687,5124;
137:330,4355,3256,16,4039,1817;
138:1261,971,1126,623,3602,5188;
139:1592,4464,3880,5339,910,1156;
140:133,2054,3313,3065,4941,1294;
141:111,1983,2035,5190,25,4481;
142:78,4391,5171,341,4269,3018;
143:811,612,3824,1986,368,5052;
144:1285,4500,525,58,4905,5291;
145:2486,1138,2283,868,3928,5310;
146:1731,3539,3528,364,2877,4949;
147:997,1735,3847,2614,1710,2081;
148:597,314,1806,4997,2415,1305;
149:1574,48,340,1114,4645,5057;
150:1014,3284,5016,3238,846,1511;
151:3147,4941,5190,910,612,16;
152:1592,5188,3313,610,190,5052;
153:1507,3256,868,78,1261,1156;
154:4500,811,1126,4069,4039,111;
155:2522,4464,1678,3065,5171,5124;
156:4391,2614,1294,971,1986,364;
157:3880,3928,5057,2054,3528,1806;
158:2283,1511,25,340,341,3824;
159:1735,1014,5291,1640,597,3018;
160:5339,1305,133,1285,2877,5016;
161:2415,846,4355,3260,1710,4905;
162:58,687,2035,5310,314,5136;
163:3238,623,4269,1574,1138,120;
164:2486,2081,48,4949,5010,525;
165:2085,3847,368,1817,3284,4645;
166:4997,4481,1731,3602,1114,4061;
167:3539,1983,868,330,997,3147;
